prevc6 = [3212 3170 3249 3131 3103 3164 3142 3167.61];
prevc6Err = [nan 197 nan 41 7 10 nan 0.03];

errorbar(1:8, prevc6, prevc6Err)